log_likelihood: -28120.460280810243
perplexity: 7186669.843459329
